4 87 98 164
40 88 15 65
96 105 58 89
52 126 17 84
77 167 43 89
30 113 80 108
84 130 53 100
26 120 62 116
60 81 23 26
59 141 36 83
78 131 60 145
11 43 18 30
19 72 73 99
22 91 96 171
63 96 69 113
78 159 9 102
9 67 68 107
25 41 87 163
93 165 47 105
23 68 35 81
55 144 31 57
46 48 52 67
62 83 1 93
20 98 59 141
67 94 97 116
75 153 72 119
75 116 82 169
72 83 60 102
81 105 54 57
91 162 6 60
64 77 1 89
26 120 62 146
11 108 92 190
49 88 9 48
83 100 74 146
0 93 91 134
57 67 90 90
11 52 8 104
73 126 60 101
95 103 16 94
0 70 85 149
6 18 35 89
99 143 26 110
25 84 8 92
62 123 85 87
34 72 69 127
15 16 56 116
87 156 49 78
31 118 35 36
64 68 63 104
2 58 94 179
27 28 88 153
26 113 77 134
31 40 93 149
11 73 50 101
13 77 43 137
38 119 0 63
61 160 17 81
77 151 45 102
47 109 34 65
25 67 25 77
26 53 7 27
34 85 76 97
62 157 1 57
31 116 76 101
37 70 72 111
51 147 78 161
29 74 17 109
58 69 7 35
1 74 14 95
5 94 41 137
14 92 72 162
