100
4 4
0100
1010
1100
0000
2 6
010010
011000
7 7
0100100
0100100
0100000
1100010
1000100
0100100
1010010
9 2
01
00
00
00
10
00
01
00
10
9 6
010010
001000
000000
000001
100000
000100
010101
000100
100100
8 4
0100
1100
0111
0000
0000
1000
0000
0011
3 8
01001000
10101100
10000000
7 1
0
0
0
1
1
0
1
5 10
0100100000
0000000001
0111000000
0001001101
1001100010
10 4
0100
0111
1001
0000
1000
0000
0000
0000
0100
1000
1 4
0100
8 8
01001000
11000000
01110101
00001000
00000000
10000001
00000000
00110011
1 1
0
2 6
010010
011000
7 5
01001
01001
01000
11000
10001
01001
10100
8 4
0100
1100
0111
0000
0000
1000
0000
0011
7 6
010010
010010
010000
110001
100010
010010
101001
10 6
010010
011100
100110
000011
100000
000011
000001
000000
010010
100000
9 4
0100
0010
0000
0000
1000
0001
0101
0001
1001
6 2
01
10
00
00
00
00
1 5
01001
10 5
01001
01110
10011
00001
10000
00001
00000
00000
01001
10000
2 5
01001
01100
6 5
01001
10000
00000
00000
00001
00001
4 2
01
10
11
00
8 7
0100100
1100000
0111010
0000100
0000000
1000000
0000000
0011001
8 6
010010
110000
011101
000010
000000
100000
000000
001100
6 6
010010
100000
000000
000000
000010
000011
1 1
0
7 4
0100
0100
0100
1100
1000
0100
1010
1 3
010
7 6
010010
010010
010000
110001
100010
010010
101001
6 4
0100
1000
0000
0000
0000
0000
9 7
0100100
0010000
0000000
0000010
1000001
0001000
0101010
0001001
1001000
5 7
0100100
0000000
0111000
0001001
1001100
2 2
01
01
4 6
010010
101000
110000
000000
6 1
0
1
0
0
0
0
10 9
010010000
011100000
100110001
000011000
100000010
000011000
000001001
000000001
010010000
100000000
9 2
01
00
00
00
10
00
01
00
10
6 2
01
10
00
00
00
00
3 6
010010
101011
100000
4 4
0100
1010
1100
0000
9 3
010
001
000
000
100
000
010
000
100
10 3
010
011
100
000
100
000
000
000
010
100
6 10
0100100000
1000000010
0000001101
0000000000
0000100010
0000110000
7 5
01001
01001
01000
11000
10001
01001
10100
6 7
0100100
1000000
0000001
0000000
0000100
0000110
1 10
0100100000
4 8
01001000
10100000
11000000
00000011
3 4
0100
1010
1000
7 1
0
0
0
1
1
0
1
9 7
0100100
0010000
0000000
0000010
1000001
0001000
0101010
0001001
1001000
5 4
0100
0000
0111
0001
1001
5 1
0
0
0
0
1
4 2
01
10
11
00
3 10
0100100000
1010110010
1000000010
1 4
0100
4 8
01001000
10100000
11000000
00000011
9 8
01001000
00100000
00000000
00000100
10000010
00010001
01010101
00010010
10010000
1 10
0100100000
4 1
0
1
1
0
1 3
010
10 7
0100100
0111000
1001100
0000110
1000000
0000110
0000010
0000000
0100100
1000000
4 5
01001
10100
11000
00000
9 3
010
001
000
000
100
000
010
000
100
7 8
01001000
01001000
01000000
11000100
10001000
01001000
10100100
5 1
0
0
0
0
1
6 5
01001
10000
00000
00000
00001
00001
2 9
010010000
011000100
4 6
010010
101000
110000
000000
1 8
01001000
8 5
01001
11000
01110
00001
00000
10000
00000
00110
4 8
01001000
10100000
11000000
00000011
10 6
010010
011100
100110
000011
100000
000011
000001
000000
010010
100000
4 5
01001
10100
11000
00000
4 2
01
10
11
00
5 10
0100100000
0000000001
0111000000
0001001101
1001100010
2 6
010010
011000
1 3
010
5 3
010
000
011
000
100
2 4
0100
0110
9 10
0100100000
0010000000
0000000000
0000010001
1000001001
0001000110
0101010100
0001001010
1001000010
10 4
0100
0111
1001
0000
1000
0000
0000
0000
0100
1000
2 1
0
0
4 9
010010000
101000000
110000001
000000110
5 3
010
000
011
000
100
2 7
0100100
0110001
10 8
01001000
01110000
10011000
00001100
10000001
00001100
00000100
00000000
01001000
10000000
2 3
010
011
6 9
010010000
100000001
000000110
000000000
000010001
000011000
3 4
0100
1010
1000
7 9
010010000
010010000
010000000
110001000
100010001
010010000
101001000
6 4
0100
1000
0000
0000
0000
0000
2 9
010010000
011000100
8 3
010
110
011
000
000
100
000
001
3 5
01001
10101
10000
9 9
010010000
001000000
000000000
000001000
100000100
000100011
010101010
000100101
100100001
10 8
01001000
01110000
10011000
00001100
10000001
00001100
00000100
00000000
01001000
10000000
6 10
0100100000
1000000010
0000001101
0000000000
0000100010
0000110000
