100
3155
284953
229925
743704
174688
494300
739279
374641
483260
155602
437547
975339
243391
388659
480923
128671
548338
774634
248010
780491
332207
325991
292783
462871
80173
147983
449018
558997
432912
840310
437869
70489
606798
212854
262790
501698
268138
857972
785218
44804
130806
640007
56654
529129
302885
884490
562613
658994
475239
248411
865195
73571
834695
918446
927523
966392
896581
119241
737435
699699
466194
262164
730657
971466
793007
684470
226882
756271
621617
162578
53647
88558
443209
611305
304554
702054
86681
348611
593216
987972
247794
41866
103060
984638
372183
498009
500379
83900
18559
829513
681345
867109
236329
550101
243637
696858
658900
447195
211998
227181
