100
9999999999941000
9999999999940999
9999999999940998
9999999999940997
9999999999940996
9999999999940995
9999999999940994
9999999999940993
9999999999940992
9999999999940991
9999999999940990
9999999999940989
9999999999940988
9999999999940987
9999999999940986
9999999999940985
9999999999940984
9999999999940983
9999999999940982
9999999999940981
9999999999940980
9999999999940979
9999999999940978
9999999999940977
9999999999940976
9999999999940975
9999999999940974
9999999999940973
9999999999940972
9999999999940971
9999999999940970
9999999999940969
9999999999940968
9999999999940967
9999999999940966
9999999999940965
9999999999940964
9999999999940963
9999999999940962
9999999999940961
9999999999940960
9999999999940959
9999999999940958
9999999999940957
9999999999940956
9999999999940955
9999999999940954
9999999999940953
9999999999940952
9999999999940951
9999999999940950
9999999999940949
9999999999940948
9999999999940947
9999999999940946
9999999999940945
9999999999940944
9999999999940943
9999999999940942
9999999999940941
9999999999940940
9999999999940939
9999999999940938
9999999999940937
9999999999940936
9999999999940935
9999999999940934
9999999999940933
9999999999940932
9999999999940931
9999999999940930
9999999999940929
9999999999940928
9999999999940927
9999999999940926
9999999999940925
9999999999940924
9999999999940923
9999999999940922
9999999999940921
9999999999940920
9999999999940919
9999999999940918
9999999999940917
9999999999940916
9999999999940915
9999999999940914
9999999999940913
9999999999940912
9999999999940911
9999999999940910
9999999999940909
9999999999940908
9999999999940907
9999999999940906
9999999999940905
9999999999940904
9999999999940903
9999999999940902
9999999999940901
